

a <- c(1:100)

b<- a + 2

